
 Solved Sudoku Puzzle 0

 4  8  3  9  2  1  6  5  7 
 9  6  7  3  4  5  8  2  1 
 2  5  1  8  7  6  4  9  3 
 5  4  8  1  3  2  9  7  6 
 7  2  9  5  6  4  1  3  8 
 1  3  6  7  9  8  2  4  5 
 3  7  2  6  8  9  5  1  4 
 8  1  4  2  5  3  7  6  9 
 6  9  5  4  1  7  3  8  2 

 Solved Sudoku Puzzle 1

 4  3  5  2  6  9  7  8  1 
 6  8  2  5  7  1  4  9  3 
 1  9  7  8  3  4  5  6  2 
 8  2  6  1  9  5  3  4  7 
 3  7  4  6  8  2  9  1  5 
 9  5  1  7  4  3  6  2  8 
 5  1  9  3  2  6  8  7  4 
 2  4  8  9  5  7  1  3  6 
 7  6  3  4  1  8  2  5  9 

 Solved Sudoku Puzzle 431

 3  5  8  4  7  1  6  2  9 
 4  2  7  9  6  3  1  5  8 
 6  9  1  2  8  5  3  4  7 
 5  6  9  7  3  8  2  1  4 
 1  4  2  5  9  6  7  8  3 
 8  7  3  1  2  4  5  9  6 
 9  1  5  6  4  7  8  3  2 
 7  3  4  8  5  2  9  6  1 
 2  8  6  3  1  9  4  7  5 
Number of solved Puzzles: 3
